#     FILENAME=Skynet_58800_messier_31_43924_53537.A.onoff.cal.txt
#     BASENAME=Skynet_58800_messier_31_43924_53537
#      CONTROL=SKYNET
#     PROJCODE=Skynet_58800_messier_31_43924
#     DATAROOT=/raid/scratch/cyborg/SkynetData
#     SRC_NAME=messier_31
#     OBSERVER=haverford2_26746
#     DATE_OBS=2019-11-13T01:37:46.860
#        OBSID=43924
#      SCANNUM=53537
#     SCANNAME=2019_11_10_20:25:25
#          MJD=58800.0679035
#          UTC=05867
#     SCANTYPE=onoff
#     DATAMODE=HIRES
#     RECEIVER=Rx1_2
#      OBSFREQ=1395.0000
# Actual_FREQ1=1421.8800,
# Actual_FREQ2=1390.6300
#    LO1Tuning=6856.2600
#     RFFILTER=1355_1435
#        OBSBW=-15.6250
#     EFFBANDW=15.6250
#        NCHAN=1024
#    STARTCHAN=51
#     STOPCHAN=972
#         TINT=0.9999
#         TBIN=0.00419430
#     DURATION=444.00
#     EXPOSURE=401.98
#        FOCUS=36.851
#       RA,DEC=00:42:59.56, 41:16:07.48
#      RA(deg)=12.66557
#     DEC(deg)=41.26871
#   WIDTH(deg)=3.0161x0.0044
#    AZIM(deg)=70.6292
#    ELEV(deg)=77.6697
#     COORDREF=RA_DEC_
#         HREF=10.6846
#         VREF=41.2687
#     IFattens=5.00, 0.00
#   BALANCELEV=1.2 
#       ACCLEN=2048 
#      WARNING=None 
#         TSYS=XX1:57.29, YY1:29.15
#         TSYS=XX2:59.42, YY2:38.63
#         TCAL=XX1:9.17, YY1:10.07
#         TCAL=XX2:9.14, YY2:9.87
# Calibrated spectra: Tsys*(ON-OFF)/OFF 
#                
#                
#Freq1(MHz)         XX1          YY1   Freq2(MHz)       XX2         YY2 
   1428.91430       0.2346      -0.0424    1397.66430       0.1023      -0.0817
   1428.89904       0.1912      -0.0514    1397.64904       0.0484      -0.0685
   1428.88378       0.2317      -0.0391    1397.63378       0.1432      -0.0094
   1428.86853       0.2207      -0.0218    1397.61853       0.0786      -0.0522
   1428.85327       0.1968      -0.0951    1397.60327       0.0477      -0.0483
   1428.83801       0.2880      -0.0045    1397.58801       0.1128      -0.0460
   1428.82275       0.1664      -0.0439    1397.57275       0.0185      -0.0316
   1428.80749       0.2118      -0.0146    1397.55749       0.0408      -0.0538
   1428.79223       0.1725      -0.0628    1397.54223       0.0937      -0.0524
   1428.77697       0.2381      -0.0502    1397.52697       0.0514      -0.0514
   1428.76171       0.2176      -0.0282    1397.51171       0.0265      -0.0667
   1428.74646       0.2400      -0.0712    1397.49646       0.0840      -0.0447
   1428.73120       0.1936      -0.0362    1397.48120       0.0544       0.0049
   1428.71594       0.2212      -0.0321    1397.46594       0.0999      -0.0932
   1428.70068       0.2579      -0.0360    1397.45068       0.0081      -0.0804
   1428.68542       0.2443      -0.0220    1397.43542       0.0835      -0.0738
   1428.67016       0.2712      -0.0452    1397.42016       0.0909      -0.1105
   1428.65490       0.2337      -0.0409    1397.40490       0.0300      -0.0454
   1428.63964       0.2329      -0.0168    1397.38964       0.1139      -0.0269
   1428.62438       0.2343      -0.0376    1397.37438       0.0408      -0.0278
   1428.60913       0.3061      -0.0910    1397.35913       0.0818      -0.0524
   1428.59387       0.1995      -0.0071    1397.34387       0.0419      -0.0308
   1428.57861       0.2071      -0.0693    1397.32861       0.1576      -0.0223
   1428.56335       0.1905      -0.0347    1397.31335      -0.0196      -0.0377
   1428.54809       0.1791      -0.0133    1397.29809       0.0693      -0.0885
   1428.53283       0.2635      -0.0126    1397.28283       0.1235      -0.0810
   1428.51757       0.2746      -0.0174    1397.26757       0.0869      -0.0257
   1428.50231       0.2453      -0.0388    1397.25231      -0.0501      -0.0777
   1428.48706       0.2240      -0.0971    1397.23706       0.0610      -0.0827
   1428.47180       0.2176      -0.0497    1397.22180       0.0756      -0.0817
   1428.45654       0.1799      -0.0443    1397.20654       0.0044      -0.0471
   1428.44128       0.2331      -0.0176    1397.19128       0.1206      -0.0661
   1428.42602       0.1226       0.0057    1397.17602       0.0503      -0.0271
   1428.41076       0.2332      -0.0241    1397.16076       0.0722      -0.0548
   1428.39550       0.2695      -0.0532    1397.14550       0.1490      -0.0288
   1428.38024       0.2757      -0.0083    1397.13024      -0.0093       0.0031
   1428.36499       0.1883       0.0056    1397.11499       0.0305      -0.0622
   1428.34973       0.1385      -0.0369    1397.09973       0.1129      -0.0664
   1428.33447       0.1767      -0.0226    1397.08447       0.0402      -0.0393
   1428.31921       0.1226      -0.0003    1397.06921       0.0310      -0.0158
   1428.30395       0.2627      -0.0677    1397.05395       0.0228      -0.0614
   1428.28869       0.2903      -0.0683    1397.03869       0.0564      -0.0446
   1428.27343       0.1417      -0.0167    1397.02343       0.0533      -0.0492
   1428.25817       0.2110      -0.0569    1397.00817       0.0747      -0.0097
   1428.24292       0.2003      -0.0520    1396.99292       0.1095      -0.0642
   1428.22766       0.3105      -0.0654    1396.97766       0.0759       0.0323
   1428.21240       0.3291      -0.0179    1396.96240       0.0175      -0.0612
   1428.19714       0.2262      -0.0186    1396.94714       0.1227      -0.0361
   1428.18188       0.1388      -0.0237    1396.93188       0.0766      -0.0506
   1428.16662       0.2585      -0.0582    1396.91662       0.0578      -0.0133
   1428.15136       0.1879      -0.0350    1396.90136       0.0494      -0.0765
   1428.13610       0.1857      -0.0006    1396.88610       0.0622      -0.0238
   1428.12084       0.1993      -0.0334    1396.87084       0.0495      -0.0537
   1428.10559       0.2407      -0.0764    1396.85559       0.0472      -0.0151
   1428.09033       0.2552      -0.0729    1396.84033       0.1052      -0.0600
   1428.07507       0.1524      -0.0029    1396.82507       0.1418      -0.0276
   1428.05981       0.2445      -0.0334    1396.80981       0.0784      -0.0311
   1428.04455       0.2514      -0.0280    1396.79455       0.0587      -0.0078
   1428.02929       0.2751      -0.0330    1396.77929       0.0192      -0.0679
   1428.01403       0.2548      -0.0280    1396.76403       0.1012      -0.1077
   1427.99877       0.1752      -0.0694    1396.74877       0.0764      -0.0694
   1427.98352       0.2395      -0.0372    1396.73352       0.0880      -0.0826
   1427.96826       0.2335      -0.0393    1396.71826       0.0846      -0.0542
   1427.95300       0.2339      -0.0543    1396.70300       0.0792      -0.0349
   1427.93774       0.2209      -0.0152    1396.68774       0.0510      -0.0198
   1427.92248       0.1690       0.0165    1396.67248       0.0883      -0.0835
   1427.90722       0.2334      -0.0084    1396.65722       0.1373      -0.0932
   1427.89196       0.2455      -0.0171    1396.64196       0.0442      -0.0471
   1427.87670       0.1834      -0.0329    1396.62670       0.0733      -0.0066
   1427.86145       0.1334      -0.0475    1396.61145       0.0993      -0.0783
   1427.84619       0.2955      -0.0874    1396.59619       0.1230      -0.0354
   1427.83093       0.2031      -0.0145    1396.58093       0.1893      -0.0653
   1427.81567       0.2209      -0.0486    1396.56567       0.1049      -0.0621
   1427.80041       0.1639      -0.0127    1396.55041       0.0608      -0.0467
   1427.78515       0.1573      -0.0366    1396.53515       0.0585      -0.1079
   1427.76989       0.1892      -0.0502    1396.51989       0.0204      -0.0824
   1427.75463       0.2011      -0.0236    1396.50463       0.0921      -0.0259
   1427.73937       0.2659      -0.0495    1396.48937       0.1697      -0.0417
   1427.72412       0.1960      -0.0823    1396.47412       0.0815      -0.0595
   1427.70886       0.2299      -0.0222    1396.45886       0.0511      -0.0403
   1427.69360       0.2430      -0.0158    1396.44360       0.1205      -0.0592
   1427.67834       0.2948      -0.0508    1396.42834       0.1555      -0.0625
   1427.66308       0.2975      -0.0850    1396.41308       0.2249      -0.0129
   1427.64782       0.1606      -0.0484    1396.39782       0.1245      -0.0395
   1427.63256       0.1238       0.0249    1396.38256       0.1017      -0.0241
   1427.61730       0.2493      -0.0139    1396.36730       0.1041      -0.0130
   1427.60205       0.2092      -0.0116    1396.35205       0.1339      -0.0723
   1427.58679       0.2462      -0.0639    1396.33679       0.0995      -0.0704
   1427.57153       0.2787      -0.0484    1396.32153       0.1581      -0.0327
   1427.55627       0.1937       0.0224    1396.30627       0.0911      -0.1077
   1427.54101       0.2719      -0.0468    1396.29101       0.1527      -0.0319
   1427.52575       0.2227      -0.0394    1396.27575       0.1305      -0.0323
   1427.51049       0.1491      -0.0461    1396.26049       0.0854      -0.0169
   1427.49523       0.2327      -0.0312    1396.24523       0.1498      -0.0803
   1427.47998       0.1816      -0.0554    1396.22998       0.1263      -0.0676
   1427.46472       0.1782      -0.0431    1396.21472       0.1182      -0.0490
   1427.44946       0.1670      -0.0317    1396.19946       0.1603      -0.0219
   1427.43420       0.3018      -0.0206    1396.18420       0.1256      -0.0765
   1427.41894       0.2511      -0.0369    1396.16894       0.1157      -0.0177
   1427.40368       0.2356      -0.0688    1396.15368       0.0971      -0.0264
   1427.38842       0.2443      -0.0286    1396.13842       0.1868      -0.0320
   1427.37316       0.1667      -0.0319    1396.12316       0.1332       0.0160
   1427.35791       0.2505      -0.0491    1396.10791       0.1458      -0.0230
   1427.34265       0.2449      -0.0190    1396.09265       0.1536      -0.0774
   1427.32739       0.2092      -0.0253    1396.07739       0.1568      -0.0510
   1427.31213       0.1879      -0.0387    1396.06213       0.1454      -0.0579
   1427.29687       0.2877      -0.0323    1396.04687       0.2357      -0.0879
   1427.28161       0.2413      -0.0348    1396.03161       0.0605      -0.0189
   1427.26635       0.2455      -0.0401    1396.01635       0.1695      -0.0282
   1427.25109       0.2643      -0.0104    1396.00109       0.2108      -0.0470
   1427.23583       0.1675      -0.0349    1395.98583       0.2771      -0.0821
   1427.22058       0.1377      -0.0165    1395.97058       0.1261      -0.0244
   1427.20532       0.1991      -0.0573    1395.95532       0.2181      -0.0884
   1427.19006       0.2594       0.0373    1395.94006       0.1691      -0.0357
   1427.17480       0.1731      -0.0325    1395.92480       0.1538      -0.0405
   1427.15954       0.1912       0.0104    1395.90954       0.2518      -0.0169
   1427.14428       0.2071      -0.0348    1395.89428       0.1661      -0.0864
   1427.12902       0.2358      -0.0374    1395.87902       0.2180      -0.0408
   1427.11376       0.2421      -0.0234    1395.86376       0.2267      -0.0691
   1427.09851       0.1749      -0.0053    1395.84851       0.1505      -0.0603
   1427.08325       0.2522      -0.0525    1395.83325       0.1357      -0.0131
   1427.06799       0.2538      -0.0366    1395.81799       0.2350      -0.0375
   1427.05273       0.1073      -0.0202    1395.80273       0.1609      -0.0309
   1427.03747       0.1963      -0.0261    1395.78747       0.2818      -0.0478
   1427.02221       0.2128      -0.0406    1395.77221       0.2331      -0.0431
   1427.00695       0.3325      -0.0664    1395.75695       0.2181      -0.0102
   1426.99169       0.1238      -0.0330    1395.74169       0.1821      -0.0360
   1426.97644       0.1807      -0.0406    1395.72644       0.2281      -0.0402
   1426.96118       0.1930      -0.0425    1395.71118       0.2508      -0.0181
   1426.94592       0.2107      -0.0609    1395.69592       0.2793      -0.0479
   1426.93066       0.2356      -0.0779    1395.68066       0.2173      -0.0501
   1426.91540       0.1993      -0.0244    1395.66540       0.1824      -0.0297
   1426.90014       0.2318      -0.0203    1395.65014       0.2497      -0.0396
   1426.88488       0.2100      -0.0348    1395.63488       0.2491      -0.0131
   1426.86962       0.2325      -0.0067    1395.61962       0.1704      -0.0700
   1426.85437       0.1518      -0.0359    1395.60437       0.2283      -0.0421
   1426.83911       0.2061      -0.0295    1395.58911       0.2788      -0.0458
   1426.82385       0.2656      -0.0610    1395.57385       0.2894      -0.0308
   1426.80859       0.2151      -0.0225    1395.55859       0.1939      -0.0096
   1426.79333       0.1783      -0.0387    1395.54333       0.2424      -0.0582
   1426.77807       0.2213      -0.0207    1395.52807       0.2391      -0.0819
   1426.76281       0.2372      -0.0592    1395.51281       0.2034      -0.0238
   1426.74755       0.1802      -0.0239    1395.49755       0.2478      -0.0624
   1426.73229       0.2083      -0.0479    1395.48229       0.2618      -0.0002
   1426.71704       0.2294      -0.0546    1395.46704       0.2440      -0.0381
   1426.70178       0.2043      -0.0243    1395.45178       0.2634      -0.0343
   1426.68652       0.2104      -0.0378    1395.43652       0.2998      -0.0382
   1426.67126       0.1923      -0.0879    1395.42126       0.2853      -0.0191
   1426.65600       0.0900      -0.0591    1395.40600       0.3252      -0.0791
   1426.64074       0.2327      -0.0267    1395.39074       0.2903      -0.1016
   1426.62548       1.6183      -0.0325    1395.37548       0.3314      -0.0729
   1426.61022       0.1470      -0.0464    1395.36022       0.3018      -0.0623
   1426.59497       0.1148      -0.0405    1395.34497       0.2739      -0.0741
   1426.57971       0.1342       0.0039    1395.32971       0.3174      -0.0958
   1426.56445       0.2233      -0.0322    1395.31445       0.3595      -0.0612
   1426.54919       0.0917      -0.0550    1395.29919       0.2832      -0.0800
   1426.53393       0.1160      -0.0369    1395.28393       0.3623      -0.0371
   1426.51867       0.2721      -0.0179    1395.26867       0.3160      -0.0909
   1426.50341       0.1189       0.0216    1395.25341       0.3417      -0.0304
   1426.48815       0.1826      -0.0225    1395.23815       0.3314       0.0078
   1426.47290       0.1516      -0.0192    1395.22290       0.3349      -0.0567
   1426.45764       0.0871      -0.0324    1395.20764       0.3092      -0.0373
   1426.44238       0.1479      -0.0673    1395.19238       0.3291      -0.0530
   1426.42712       0.1200      -0.0388    1395.17712       0.2397      -0.0753
   1426.41186       0.1339      -0.0546    1395.16186       0.3501      -0.0983
   1426.39660       0.1458      -0.0480    1395.14660       0.2581      -0.0447
   1426.38134       0.2357      -0.0408    1395.13134       0.3192      -0.0910
   1426.36608       0.2240      -0.0567    1395.11608       0.3627      -0.0606
   1426.35083       0.2096      -0.0234    1395.10083       0.3795      -0.0070
   1426.33557       0.1423      -0.0501    1395.08557       0.3212      -0.0916
   1426.32031       0.1440      -0.0337    1395.07031       0.3909      -0.0153
   1426.30505       0.2213      -0.0143    1395.05505       0.3146      -0.0247
   1426.28979       0.1610      -0.0081    1395.03979       0.3169      -0.0379
   1426.27453       0.1432      -0.0110    1395.02453       0.3677      -0.0298
   1426.25927       0.1529      -0.0505    1395.00927       0.3224      -0.0321
   1426.24401       0.2550      -0.0392    1394.99401       0.3127      -0.0432
   1426.22875       0.2112      -0.0401    1394.97875       0.3490      -0.0375
   1426.21350       0.1861      -0.0018    1394.96350       0.2994      -0.0340
   1426.19824       0.1411      -0.0160    1394.94824       0.3469      -0.0308
   1426.18298       0.1417      -0.0149    1394.93298       0.3837      -0.0843
   1426.16772       0.1825      -0.0493    1394.91772       0.3381      -0.0659
   1426.15246       0.1572      -0.0281    1394.90246       0.3289      -0.0522
   1426.13720       0.1562      -0.0455    1394.88720       0.3756      -0.0157
   1426.12194       0.1046      -0.0482    1394.87194       0.3889      -0.0359
   1426.10668       0.0853      -0.0496    1394.85668       0.4025      -0.0678
   1426.09143       0.1287      -0.0353    1394.84143       0.3783      -0.0405
   1426.07617       0.2157      -0.0335    1394.82617       0.3187      -0.1288
   1426.06091       0.2232      -0.0168    1394.81091       0.3020      -0.0359
   1426.04565       0.1492      -0.0547    1394.79565       0.4395      -0.0676
   1426.03039       0.1547      -0.0203    1394.78039       0.3661      -0.0736
   1426.01513       0.1325      -0.0194    1394.76513       0.3939      -0.0317
   1425.99987       0.1718      -0.0366    1394.74987       0.3777      -0.0251
   1425.98461       0.1661      -0.0181    1394.73461       0.3910      -0.0612
   1425.96936       0.1895      -0.0342    1394.71936       0.3587      -0.0916
   1425.95410       0.1117      -0.0275    1394.70410       0.4109      -0.0583
   1425.93884       0.2371       0.0321    1394.68884       0.3908      -0.0404
   1425.92358       0.1523      -0.0545    1394.67358       0.4146      -0.0827
   1425.90832       0.1923      -0.0340    1394.65832       0.3866      -0.0549
   1425.89306       0.1183      -0.0486    1394.64306       0.3951      -0.0604
   1425.87780       0.1795      -0.0288    1394.62780       0.3917      -0.0597
   1425.86254       0.1667      -0.0565    1394.61254       0.3159      -0.0307
   1425.84729       0.2107      -0.0273    1394.59729       0.3749      -0.0495
   1425.83203       0.0790      -0.0376    1394.58203       0.3581      -0.1039
   1425.81677       0.0790      -0.0525    1394.56677       0.4083      -0.0746
   1425.80151       0.1565      -0.0540    1394.55151       0.4130      -0.1051
   1425.78625       0.1807      -0.0043    1394.53625       0.4008      -0.0592
   1425.77099       0.1215      -0.0185    1394.52099       0.4106      -0.0169
   1425.75573       0.1374      -0.0392    1394.50573       0.3874      -0.0721
   1425.74047       0.1043      -0.0438    1394.49047       0.3735      -0.0799
   1425.72521       0.1974      -0.0384    1394.47521       0.3464      -0.0585
   1425.70996       0.1306      -0.0347    1394.45996       0.3586      -0.0687
   1425.69470       0.2975      -0.0113    1394.44470       0.3484      -0.0683
   1425.67944       0.1594      -0.0508    1394.42944       0.3618      -0.0793
   1425.66418       0.1676       0.0064    1394.41418       0.3266      -0.0069
   1425.64892       0.1462      -0.0067    1394.39892       0.3507      -0.0429
   1425.63366       0.1536      -0.0431    1394.38366       0.3150      -0.0382
   1425.61840       0.1099      -0.0161    1394.36840       0.3749       0.0064
   1425.60314       0.1612      -0.0065    1394.35314       0.2413      -0.0262
   1425.58789       0.1699      -0.0370    1394.33789       0.3203      -0.0943
   1425.57263       0.2691      -0.0577    1394.32263       0.2814      -0.0307
   1425.55737       0.1887      -0.0327    1394.30737       0.3511      -0.0286
   1425.54211       0.1516      -0.0411    1394.29211       0.4180      -0.0226
   1425.52685       0.1515      -0.0033    1394.27685       0.3873      -0.0600
   1425.51159       0.2076      -0.0198    1394.26159       0.3652      -0.0342
   1425.49633       0.1575      -0.0396    1394.24633       0.3749      -0.0185
   1425.48107       0.2041      -0.0042    1394.23107       0.3583      -0.0436
   1425.46582       0.0880      -0.0327    1394.21582       0.3246      -0.1315
   1425.45056       0.2234      -0.0593    1394.20056       0.3988      -0.0534
   1425.43530       0.0443      -0.0189    1394.18530       0.4128      -0.0564
   1425.42004       0.1597      -0.0420    1394.17004       0.3935      -0.0434
   1425.40478       0.1831      -0.0476    1394.15478       0.2964      -0.0989
   1425.38952       0.0786      -0.0199    1394.13952       0.3977      -0.0329
   1425.37426       0.1310      -0.0522    1394.12426       0.3459      -0.0853
   1425.35900       0.1502      -0.0147    1394.10900       0.3399      -0.0272
   1425.34375       0.1836      -0.0122    1394.09375       0.2669      -0.0461
   1425.32849       0.1517      -0.0372    1394.07849       0.2969      -0.0930
   1425.31323       0.0824      -0.0448    1394.06323       0.3474      -0.0361
   1425.29797       0.1511      -0.0212    1394.04797       0.3571      -0.0368
   1425.28271       0.1351      -0.0449    1394.03271       0.3634      -0.0651
   1425.26745       0.1630      -0.0560    1394.01745       0.4356      -0.0330
   1425.25219       0.1201      -0.0514    1394.00219       0.4146      -0.0231
   1425.23693       0.2173      -0.0180    1393.98693       0.3666      -0.1041
   1425.22167       0.1280      -0.0403    1393.97167       0.3607      -0.0651
   1425.20642       0.1279      -0.0636    1393.95642       0.3762       0.0413
   1425.19116       0.1630      -0.0355    1393.94116       0.2515      -0.0230
   1425.17590       0.1370      -0.0427    1393.92590       0.2233      -0.0534
   1425.16064       0.1646      -0.0528    1393.91064       0.2764      -0.0264
   1425.14538       0.0754       0.0004    1393.89538       0.4035      -0.0508
   1425.13012       0.0858      -0.0253    1393.88012       0.3686      -0.0518
   1425.11486       0.0809      -0.0430    1393.86486       0.3865      -0.0628
   1425.09960       0.1207      -0.0376    1393.84960       0.2989      -0.0844
   1425.08435       0.0641      -0.0626    1393.83435       0.3381      -0.0683
   1425.06909       0.1759      -0.0696    1393.81909       0.3264      -0.0341
   1425.05383       0.1603      -0.0241    1393.80383       0.2709      -0.0487
   1425.03857       0.1766      -0.0455    1393.78857       0.2905      -0.0472
   1425.02331       0.0799      -0.0429    1393.77331       0.3481      -0.0934
   1425.00805       0.1823      -0.0421    1393.75805       0.3403      -0.0519
   1424.99279       0.2000      -0.0231    1393.74279       0.3293      -0.0439
   1424.97753       0.0458      -0.0514    1393.72753       0.3499      -0.0517
   1424.96228       0.1837      -0.0498    1393.71228       0.3605      -0.0761
   1424.94702       0.1164      -0.0621    1393.69702       0.3725      -0.0431
   1424.93176       0.0765      -0.0221    1393.68176       0.2696      -0.0557
   1424.91650       0.1269      -0.0406    1393.66650       0.2435      -0.0845
   1424.90124       0.1606      -0.0455    1393.65124       0.3229      -0.0484
   1424.88598       0.0859      -0.0416    1393.63598       0.2667      -0.0781
   1424.87072       0.1787      -0.0146    1393.62072       0.2137      -0.0510
   1424.85546       0.1297      -0.0197    1393.60546       0.3320      -0.0588
   1424.84021       0.1271      -0.0366    1393.59021       0.2590      -0.0696
   1424.82495       0.1414      -0.0148    1393.57495       0.2488      -0.0717
   1424.80969       0.1018      -0.0330    1393.55969       0.3010      -0.0009
   1424.79443       0.1349      -0.0653    1393.54443       0.3119      -0.0910
   1424.77917       0.0573      -0.0482    1393.52917       0.2825      -0.0255
   1424.76391       0.1189      -0.0584    1393.51391       0.2671      -0.0296
   1424.74865       0.0993      -0.0237    1393.49865       0.1763      -0.0121
   1424.73339       0.1176      -0.0354    1393.48339       0.2066       0.0043
   1424.71813       0.1080      -0.0476    1393.46813       0.2352      -0.0436
   1424.70288       0.1041      -0.0429    1393.45288       0.3990      -0.0280
   1424.68762       0.0900      -0.0429    1393.43762       0.2636      -0.0073
   1424.67236       0.1403      -0.0472    1393.42236       0.2409      -0.0289
   1424.65710       0.1302      -0.0024    1393.40710       0.2742      -0.0589
   1424.64184       0.0782      -0.0206    1393.39184       0.2638      -0.0682
   1424.62658       0.1000      -0.0377    1393.37658       0.2644      -0.0584
   1424.61132       0.1065      -0.0128    1393.36132       0.1989      -0.0698
   1424.59606       0.1248      -0.0418    1393.34606       0.2820      -0.0747
   1424.58081       0.1626      -0.0619    1393.33081       0.3084      -0.0671
   1424.56555       0.1584      -0.0328    1393.31555       0.3203      -0.0466
   1424.55029       0.0928      -0.0652    1393.30029       0.2700      -0.0808
   1424.53503       0.1525      -0.0497    1393.28503       0.3165      -0.0713
   1424.51977       0.1126      -0.0497    1393.26977       0.2141      -0.0686
   1424.50451       0.1171      -0.0860    1393.25451       0.1524      -0.0244
   1424.48925       0.1250      -0.0592    1393.23925       0.2062      -0.0546
   1424.47399       0.1238      -0.0400    1393.22399       0.1904      -0.0127
   1424.45874       0.0856      -0.0279    1393.20874       0.2152      -0.0538
   1424.44348       0.1609      -0.0478    1393.19348       0.2312      -0.0142
   1424.42822       0.1180      -0.0363    1393.17822       0.2267      -0.0038
   1424.41296       0.1551      -0.0229    1393.16296       0.2535      -0.0532
   1424.39770       0.1812      -0.0211    1393.14770       0.3006      -0.0195
   1424.38244       0.1148      -0.0181    1393.13244       0.2776      -0.0622
   1424.36718       0.1176      -0.0305    1393.11718       0.2283      -0.0905
   1424.35192       0.1821      -0.0483    1393.10192       0.1644      -0.0604
   1424.33667       0.1016      -0.0186    1393.08667       0.1894      -0.0359
   1424.32141       0.0999      -0.0801    1393.07141       0.1939      -0.0517
   1424.30615       0.1109      -0.0339    1393.05615       0.2494      -0.0718
   1424.29089       0.0750      -0.0381    1393.04089       0.1014      -0.0689
   1424.27563       0.1753      -0.0618    1393.02563       0.1796      -0.0978
   1424.26037       0.1367      -0.0326    1393.01037       0.2052      -0.0661
   1424.24511       0.0747      -0.0574    1392.99511       0.1940      -0.0553
   1424.22985       0.1338      -0.0793    1392.97985       0.2455      -0.0683
   1424.21459       0.1256      -0.0272    1392.96459       0.1512      -0.0457
   1424.19934       0.1022      -0.0321    1392.94934       0.2887      -0.0306
   1424.18408       0.1746      -0.0084    1392.93408       0.2150      -0.0420
   1424.16882       0.0505      -0.0487    1392.91882       0.1961      -0.0338
   1424.15356       0.1265      -0.0430    1392.90356       0.2126      -0.0070
   1424.13830       0.1069      -0.0349    1392.88830       0.1506      -0.0650
   1424.12304       0.1812      -0.0909    1392.87304       0.1699      -0.0251
   1424.10778       0.1100      -0.0371    1392.85778       0.1375      -0.0259
   1424.09252       0.1771      -0.0122    1392.84252       0.1572      -0.0072
   1424.07727       0.2198      -0.0487    1392.82727       0.1853      -0.0568
   1424.06201       0.1829      -0.0466    1392.81201       0.1640      -0.0781
   1424.04675       0.0609      -0.0432    1392.79675       0.2022      -0.0616
   1424.03149       0.1038      -0.0154    1392.78149       0.2256      -0.0440
   1424.01623       0.1669      -0.0536    1392.76623       0.1952      -0.0376
   1424.00097       0.1635      -0.0865    1392.75097       0.2084      -0.0597
   1423.98571       0.1319      -0.0462    1392.73571       0.2119      -0.0577
   1423.97045       0.1671      -0.0244    1392.72045       0.2418      -0.0487
   1423.95520       0.1400      -0.0244    1392.70520       0.1686      -0.0341
   1423.93994       0.1551      -0.0701    1392.68994       0.1527      -0.0443
   1423.92468       0.1885      -0.0324    1392.67468       0.1950      -0.0536
   1423.90942       0.0668      -0.0543    1392.65942       0.2371      -0.0220
   1423.89416       0.1041      -0.0481    1392.64416       0.2002      -0.0315
   1423.87890       0.1677      -0.0740    1392.62890       0.0974      -0.0754
   1423.86364       0.1254      -0.0593    1392.61364       0.2336      -0.1005
   1423.84838       0.1250      -0.0121    1392.59838       0.1632      -0.0763
   1423.83312       0.1367      -0.0406    1392.58312       0.1925      -0.0444
   1423.81787       0.1316      -0.0210    1392.56787       0.1035      -0.1116
   1423.80261       0.1547      -0.0204    1392.55261       0.2877      -0.0533
   1423.78735       0.2111      -0.0593    1392.53735       0.1699      -0.0113
   1423.77209       0.1578      -0.0432    1392.52209       0.1386      -0.0641
   1423.75683       0.1645      -0.0382    1392.50683       0.1499      -0.0723
   1423.74157       0.1349      -0.0623    1392.49157       0.1892      -0.0412
   1423.72631       0.1304      -0.0632    1392.47631       0.1075      -0.0411
   1423.71105       0.1801      -0.0494    1392.46105       0.1516      -0.0789
   1423.69580       0.1221      -0.0117    1392.44580       0.1591      -0.0675
   1423.68054       0.1191      -0.0123    1392.43054       0.2031      -0.0530
   1423.66528       0.1732       0.0073    1392.41528       0.1608      -0.0699
   1423.65002       0.0959      -0.0444    1392.40002       0.1502      -0.0350
   1423.63476       0.2077      -0.0331    1392.38476       0.1140      -0.0791
   1423.61950       0.1714      -0.0364    1392.36950       0.1461      -0.0576
   1423.60424       0.1503      -0.0157    1392.35424       0.0710      -0.0591
   1423.58898       0.1701      -0.0678    1392.33898       0.0754      -0.0596
   1423.57373       0.0955      -0.0560    1392.32373       0.0286      -0.0181
   1423.55847       0.1783      -0.0582    1392.30847       0.1288      -0.0304
   1423.54321       0.1686      -0.0517    1392.29321       0.2498      -0.0444
   1423.52795       0.1373      -0.0548    1392.27795       0.1747      -0.0072
   1423.51269       0.1288      -0.0467    1392.26269       0.0937      -0.0223
   1423.49743       0.2191      -0.0554    1392.24743       0.2121      -0.0464
   1423.48217       0.1609      -0.0455    1392.23217       0.1766      -0.0079
   1423.46691       0.1603      -0.0130    1392.21691       0.1951      -0.0303
   1423.45166       0.1804      -0.0370    1392.20166       0.1729      -0.0239
   1423.43640       0.1025      -0.0349    1392.18640       0.1451      -0.0261
   1423.42114       0.1652      -0.0193    1392.17114       0.0529      -0.0291
   1423.40588       0.1026      -0.0178    1392.15588       0.0747      -0.0566
   1423.39062       0.0940      -0.0436    1392.14062       0.1934      -0.0579
   1423.37536       0.2139      -0.0375    1392.12536       0.1731      -0.0667
   1423.36010       0.1721      -0.0396    1392.11010       0.1587      -0.0190
   1423.34484       0.0951      -0.0548    1392.09484       0.1085      -0.0799
   1423.32958       0.1567      -0.0307    1392.07958       0.1700      -0.0586
   1423.31433       0.1475      -0.0190    1392.06433       0.1178      -0.0287
   1423.29907       0.1758      -0.0292    1392.04907       0.1016      -0.0117
   1423.28381       0.1284      -0.0188    1392.03381       0.1331      -0.0581
   1423.26855       0.1845      -0.0641    1392.01855       0.1419      -0.0575
   1423.25329       0.1798      -0.0439    1392.00329       0.1030      -0.0709
   1423.23803       0.1761      -0.0269    1391.98803       0.2195      -0.0508
   1423.22277       0.1483      -0.0354    1391.97277       0.1602      -0.0981
   1423.20751       0.1671      -0.0634    1391.95751       0.1102      -0.0504
   1423.19226       0.1196      -0.0645    1391.94226       0.0635      -0.0505
   1423.17700       0.1435      -0.0333    1391.92700       0.1802      -0.0488
   1423.16174       0.1071      -0.0827    1391.91174       0.1188      -0.0835
   1423.14648       0.2015      -0.0502    1391.89648       0.1242      -0.0351
   1423.13122       0.1043      -0.0284    1391.88122       0.1452      -0.0511
   1423.11596       0.1306      -0.0461    1391.86596       0.1788      -0.0195
   1423.10070       0.2106      -0.0369    1391.85070       0.1813      -0.0186
   1423.08544       0.1731      -0.0084    1391.83544       0.1390      -0.0542
   1423.07019       0.2245      -0.0373    1391.82019       0.1441      -0.0280
   1423.05493       0.2488       0.0045    1391.80493       0.1475      -0.0288
   1423.03967       0.1886      -0.0074    1391.78967       0.1219      -0.0360
   1423.02441       0.2669      -0.0620    1391.77441       0.1595      -0.0524
   1423.00915       0.3349      -0.0584    1391.75915       0.1299      -0.0777
   1422.99389       0.3474      -0.0494    1391.74389       0.1122      -0.0688
   1422.97863       0.3856      -0.0410    1391.72863       0.2169      -0.0462
   1422.96337       0.3232      -0.0169    1391.71337       0.1011      -0.0596
   1422.94812       0.4378      -0.0553    1391.69812       0.0971      -0.0176
   1422.93286       0.4658      -0.0675    1391.68286       0.1443      -0.0149
   1422.91760       0.4531       0.0040    1391.66760       0.1466      -0.0464
   1422.90234       0.4356      -0.0405    1391.65234       0.2154      -0.0439
   1422.88708       0.4903       0.0370    1391.63708       0.1996      -0.0464
   1422.87182       0.4244       0.0108    1391.62182       0.2172      -0.0377
   1422.85656       0.5095       0.0089    1391.60656       0.1012      -0.0514
   1422.84130       0.5601      -0.0417    1391.59130       0.2116      -0.0488
   1422.82604       0.5308      -0.0550    1391.57604       0.2073      -0.0666
   1422.81079       0.5770      -0.0243    1391.56079       0.1930      -0.0367
   1422.79553       0.5520      -0.0541    1391.54553       0.1187      -0.1129
   1422.78027       0.5493      -0.0248    1391.53027       0.1209      -0.0771
   1422.76501       0.5681      -0.0270    1391.51501       0.0403      -0.0794
   1422.74975       0.6275      -0.0244    1391.49975       0.1660      -0.0477
   1422.73449       0.5198      -0.0215    1391.48449       0.2062      -0.0149
   1422.71923       0.5607      -0.0481    1391.46923       0.2307      -0.0416
   1422.70397       0.5099      -0.0592    1391.45397       0.1918      -0.0133
   1422.68872       0.5315      -0.0209    1391.43872       0.1585      -0.0460
   1422.67346       0.5589      -0.0508    1391.42346       0.1460      -0.0477
   1422.65820       0.5843      -0.0134    1391.40820       0.1793      -0.0435
   1422.64294       0.5467      -0.0276    1391.39294       0.1666      -0.0484
   1422.62768       0.5853      -0.0280    1391.37768       0.1903      -0.0665
   1422.61242       0.6404      -0.0464    1391.36242       0.2288      -0.0322
   1422.59716       0.5856      -0.0345    1391.34716       0.2022      -0.0831
   1422.58190       0.5792      -0.0402    1391.33190       0.1884      -0.0822
   1422.56665       0.6099      -0.0189    1391.31665       0.2229      -0.0515
   1422.55139       0.6473      -0.0739    1391.30139       0.2206      -0.0237
   1422.53613       0.7155      -0.0635    1391.28613       0.2621      -0.0326
   1422.52087       0.7790      -0.0012    1391.27087       0.1802      -0.0130
   1422.50561       0.8309      -0.0094    1391.25561       0.1364      -0.0441
   1422.49035       0.8387      -0.0325    1391.24035       0.1564      -0.0569
   1422.47509       0.9073      -0.0104    1391.22509       0.1906      -0.0298
   1422.45983       0.8703      -0.0204    1391.20983       0.1896      -0.0488
   1422.44458       0.9090      -0.0370    1391.19458       0.2589      -0.1217
   1422.42932       0.9579      -0.0516    1391.17932       0.1646      -0.0454
   1422.41406       1.0143      -0.0212    1391.16406       0.1656      -0.0489
   1422.39880       1.1247      -0.0128    1391.14880       0.1597      -0.0341
   1422.38354       1.0362      -0.0428    1391.13354       0.1414      -0.0787
   1422.36828       1.1358      -0.0272    1391.11828       0.2004      -0.0217
   1422.35302       1.1606      -0.0684    1391.10302       0.2368      -0.0777
   1422.33776       1.2359      -0.0051    1391.08776       0.1455      -0.0242
   1422.32250       1.2801      -0.0142    1391.07250       0.2191      -0.0778
   1422.30725       1.4616      -0.0466    1391.05725       0.1837      -0.0257
   1422.29199       1.4569      -0.0429    1391.04199       0.1558      -0.1068
   1422.27673       1.5153      -0.0552    1391.02673       0.2482      -0.0576
   1422.26147       1.5746       0.0223    1391.01147       0.1865      -0.0175
   1422.24621       1.5375       0.0041    1390.99621       0.2236      -0.0312
   1422.23095       1.7091      -0.0245    1390.98095       0.1228      -0.0036
   1422.21569       1.6937      -0.0306    1390.96569       0.2003      -0.0485
   1422.20043       1.8458      -0.0164    1390.95043       0.2552      -0.0303
   1422.18518       1.9540      -0.0100    1390.93518       0.2197      -0.0746
   1422.16992       1.9447      -0.0408    1390.91992       0.1636      -0.0661
   1422.15466       2.0565      -0.0133    1390.90466       0.2189      -0.0515
   1422.13940       2.1134      -0.0014    1390.88940       0.2691      -0.0174
   1422.12414       2.2195      -0.0108    1390.87414       0.2374       0.0020
   1422.10888       2.3034      -0.0331    1390.85888       0.2281      -0.0666
   1422.09362       2.3903      -0.0465    1390.84362       0.2554      -0.0308
   1422.07836       2.3253      -0.0528    1390.82836       0.2715      -0.0534
   1422.06311       2.4484      -0.0013    1390.81311       0.1440      -0.0419
   1422.04785       2.4729      -0.0112    1390.79785       0.2653      -0.0410
   1422.03259       2.6033      -0.0261    1390.78259       0.2185      -0.0183
   1422.01733       2.6583      -0.0197    1390.76733       0.2508      -0.0598
   1422.00207       2.8364      -0.0249    1390.75207       0.2459       0.0038
   1421.98681       2.9664      -0.0137    1390.73681       0.2231      -0.0216
   1421.97155       3.0055      -0.0059    1390.72155       0.2289      -0.0488
   1421.95629       3.0981       0.0531    1390.70629       0.2321      -0.0602
   1421.94104       3.2046      -0.0043    1390.69104       0.1891      -0.0463
   1421.92578       3.2704      -0.0224    1390.67578       0.1955      -0.0691
   1421.91052       3.4325      -0.0226    1390.66052       0.2577      -0.0527
   1421.89526       3.5245      -0.0135    1390.64526       0.2665      -0.0612
   1421.88000       3.5127      -0.0160    1390.63000       0.2762      -0.0521
   1421.86474       3.4977      -0.0069    1390.61474       0.2863      -0.0430
   1421.84948       3.5255       0.0129    1390.59948       0.2532      -0.0209
   1421.83422       3.4811      -0.0173    1390.58422       0.2047      -0.0336
   1421.81896       3.4356      -0.0173    1390.56896       0.3421      -0.0017
   1421.80371       3.4546      -0.0263    1390.55371       0.2655      -0.0128
   1421.78845       3.4567      -0.0586    1390.53845       0.2737      -0.0844
   1421.77319       3.4432      -0.0265    1390.52319       0.3009      -0.0556
   1421.75793       3.4115      -0.0349    1390.50793       0.2887      -0.0218
   1421.74267       3.2904      -0.0454    1390.49267       0.2848      -0.1067
   1421.72741       3.3086      -0.0325    1390.47741       0.2413      -0.0848
   1421.71215       3.3566      -0.0257    1390.46215       0.2825      -0.0444
   1421.69689       3.3456      -0.0354    1390.44689       0.2583      -0.0386
   1421.68164       3.3545      -0.0205    1390.43164       0.3199      -0.0825
   1421.66638       3.4539      -0.0185    1390.41638       0.3041      -0.1423
   1421.65112       3.3959      -0.0374    1390.40112       0.3086      -0.0688
   1421.63586       3.3275      -0.0157    1390.38586       0.2600      -0.0617
   1421.62060       3.1785       0.0001    1390.37060       0.3088      -0.1066
   1421.60534       3.0116      -0.0093    1390.35534       0.2324      -0.0412
   1421.59008       2.9309      -0.0423    1390.34008       0.3252      -0.0338
   1421.57482       2.8562      -0.0291    1390.32482       0.2883      -0.0199
   1421.55957       2.7635       0.0027    1390.30957       0.2552      -0.0388
   1421.54431       2.6970      -0.0144    1390.29431       0.2646      -0.0217
   1421.52905       2.4978      -0.0660    1390.27905       0.2876      -0.0117
   1421.51379       2.3928      -0.0241    1390.26379       0.2788      -0.0722
   1421.49853       2.3646      -0.0232    1390.24853       0.2912      -0.0207
   1421.48327       2.2365      -0.0547    1390.23327       0.3236      -0.0559
   1421.46801       2.1593      -0.0464    1390.21801       0.2204      -0.1303
   1421.45275       2.0751      -0.0207    1390.20275       0.3274      -0.0695
   1421.43750       1.9530      -0.0120    1390.18750       0.3132      -0.0710
   1421.42224       1.8338       0.0096    1390.17224       0.2406      -0.0358
   1421.40698       1.8045      -0.0213    1390.15698       0.2617      -0.1007
   1421.39172       1.6764      -0.0459    1390.14172       0.3627      -0.0618
   1421.37646       1.6470      -0.0158    1390.12646       0.2543      -0.0523
   1421.36120       1.6235      -0.0402    1390.11120       0.2931      -0.0420
   1421.34594       1.6014      -0.0264    1390.09594       0.2499      -0.0067
   1421.33068       1.4850      -0.0231    1390.08068       0.2804      -0.0230
   1421.31542       1.4024       0.0062    1390.06542       0.2787      -0.0382
   1421.30017       1.3520      -0.0006    1390.05017       0.3437      -0.0113
   1421.28491       1.3193      -0.0262    1390.03491       0.3220      -0.0733
   1421.26965       1.2826      -0.0289    1390.01965       0.3664      -0.0541
   1421.25439       1.1704      -0.0269    1390.00439       0.3360      -0.1103
   1421.23913       1.1196      -0.0348    1389.98913       0.2985      -0.1036
   1421.22387       1.0789      -0.0319    1389.97387       0.2377      -0.0136
   1421.20861       1.0053      -0.0103    1389.95861       0.2546      -0.0453
   1421.19335       0.9408      -0.0338    1389.94335       0.2865      -0.0448
   1421.17810       0.9119      -0.0131    1389.92810       0.3281      -0.0388
   1421.16284       0.9367      -0.0316    1389.91284       0.3328      -0.0981
   1421.14758       0.8246      -0.0011    1389.89758       0.3736      -0.0303
   1421.13232       0.8338      -0.0109    1389.88232       0.2594       0.0017
   1421.11706       0.7537      -0.0278    1389.86706       0.3136      -0.0024
   1421.10180       0.7795      -0.0339    1389.85180       0.3106      -0.0172
   1421.08654       0.7843      -0.0378    1389.83654       0.3226      -0.0545
   1421.07128       0.7273      -0.0088    1389.82128       0.3128      -0.0461
   1421.05603       0.6972      -0.0307    1389.80603       0.3322      -0.0588
   1421.04077       0.7050      -0.0305    1389.79077       0.3886      -0.0969
   1421.02551       0.6575      -0.0441    1389.77551       0.2918      -0.0845
   1421.01025       0.6746      -0.0136    1389.76025       0.3224      -0.0484
   1420.99499       0.6859      -0.0274    1389.74499       0.2418      -0.0191
   1420.97973       0.6695      -0.0448    1389.72973       0.2407       0.0380
   1420.96447       0.6646      -0.0286    1389.71447       0.2383      -0.0489
   1420.94921       0.7480      -0.0375    1389.69921       0.2911      -0.0803
   1420.93396       0.6271      -0.0407    1389.68396       0.3074      -0.0641
   1420.91870       0.7338      -0.0598    1389.66870       0.3398      -0.0650
   1420.90344       0.6843      -0.0435    1389.65344       0.3242      -0.0086
   1420.88818       0.6858      -0.0279    1389.63818       0.2504      -0.0911
   1420.87292       0.6720      -0.0496    1389.62292       0.3105      -0.1018
   1420.85766       0.7067      -0.0507    1389.60766       0.3506      -0.0661
   1420.84240       0.6332      -0.0180    1389.59240       0.3199      -0.0424
   1420.82714       0.6662      -0.0227    1389.57714       0.3759      -0.0600
   1420.81188       0.7122      -0.0372    1389.56188       0.2310      -0.0902
   1420.79663       0.5884      -0.0052    1389.54663       0.2854      -0.0586
   1420.78137       0.5953      -0.0183    1389.53137       0.2753      -0.0441
   1420.76611       0.5093      -0.0203    1389.51611       0.3830      -0.0661
   1420.75085       0.5408      -0.0315    1389.50085       0.2528      -0.1061
   1420.73559       0.5046      -0.0108    1389.48559       0.2856      -0.0379
   1420.72033       0.4684       0.0065    1389.47033       0.3231      -0.0187
   1420.70507       0.2443      -0.0212    1389.45507       0.2950      -0.1000
   1420.68981      -0.0929      -0.0395    1389.43981       0.2993      -0.1000
   1420.67456      -0.4237      -0.0456    1389.42456       0.2853      -0.0587
   1420.65930      -0.2711       0.0008    1389.40930       0.3349      -0.0138
   1420.64404      -0.0714       0.0180    1389.39404       0.2652      -0.0723
   1420.62878       0.2339      -0.0454    1389.37878       0.3295      -0.0825
   1420.61352       0.6480      -0.0444    1389.36352       0.3922      -0.0503
   1420.59826       1.1130      -0.0579    1389.34826       0.2673      -0.0774
   1420.58300       1.8435      -0.0211    1389.33300       0.3092      -0.0269
   1420.56774       2.6576      -0.0047    1389.31774       0.3153      -0.0394
   1420.55249       2.3298      -0.0173    1389.30249       0.2832      -0.0362
   1420.53723       1.9525      -0.0396    1389.28723       0.2794      -0.0701
   1420.52197       1.5888      -0.0272    1389.27197       0.2721      -0.0138
   1420.50671       1.4325      -0.0491    1389.25671       0.3427      -0.0535
   1420.49145       1.5727      -0.0469    1389.24145       0.3076      -0.0227
   1420.47619       0.6082      -0.0318    1389.22619       0.3127      -0.0540
   1420.46093       0.4605      -0.0371    1389.21093       0.2946      -0.0231
   1420.44567       0.2564      -0.0340    1389.19567       0.4041      -0.0334
   1420.43042       0.5764      -0.0540    1389.18042       0.3707      -0.0752
   1420.41516       0.5908      -0.0250    1389.16516       0.2424       0.0020
   1420.39990       0.6198      -0.0172    1389.14990       0.3392      -0.0759
   1420.38464       4.6525       0.0055    1389.13464       0.3004      -0.0155
   1420.36938       5.8809       0.0149    1389.11938       0.3229      -0.0601
   1420.35412      -0.4714      -0.0345    1389.10412       0.2959       0.0055
   1420.33886      -0.5130      -0.0225    1389.08886       0.3254      -0.0906
   1420.32360       0.2826      -0.0386    1389.07360       0.3324      -0.0776
   1420.30834       0.2766      -0.0458    1389.05834       0.3008      -0.0346
   1420.29309       0.1328      -0.0013    1389.04309       0.3213      -0.0596
   1420.27783       0.1782       0.0197    1389.02783       0.2626      -0.0770
   1420.26257       0.1938      -0.0522    1389.01257       0.3520      -0.0267
   1420.24731       0.2134      -0.0443    1388.99731       0.3763      -0.0953
   1420.23205       0.2389      -0.0156    1388.98205       0.2915      -0.0733
   1420.21679       0.2566      -0.0159    1388.96679       0.3644      -0.0437
   1420.20153       0.1992      -0.0558    1388.95153       0.3588      -0.0789
   1420.18627       0.2286      -0.0396    1388.93627       0.3750      -0.0484
   1420.17102       0.2375      -0.0180    1388.92102       0.3732      -0.0716
   1420.15576       0.1859      -0.0297    1388.90576       0.3455      -0.0330
   1420.14050       0.2014      -0.0531    1388.89050       0.3195      -0.0690
   1420.12524       0.1758      -0.0523    1388.87524       0.3928      -0.0211
   1420.10998       0.1928      -0.0432    1388.85998       0.3123      -0.0349
   1420.09472       0.1304      -0.0319    1388.84472       0.3666      -0.0706
   1420.07946       0.2177      -0.0098    1388.82946       0.3236      -0.0793
   1420.06420       0.1523      -0.0308    1388.81420       0.3070      -0.0122
   1420.04895       0.1679      -0.0222    1388.79895       0.2967      -0.0200
   1420.03369       0.2318      -0.0231    1388.78369       0.3157      -0.0593
   1420.01843       0.1645      -0.0065    1388.76843       0.2954      -0.0236
   1420.00317       0.2607      -0.0407    1388.75317       0.3366      -0.0945
   1419.98791       0.1686      -0.0125    1388.73791       0.2918      -0.0478
   1419.97265       0.1726      -0.0196    1388.72265       0.3063      -0.0560
   1419.95739       0.2386      -0.0115    1388.70739       0.3761      -0.0352
   1419.94213       0.2010      -0.0214    1388.69213       0.2873      -0.0432
   1419.92687       0.2091      -0.0271    1388.67687       0.3312      -0.0934
   1419.91162       0.1880      -0.0316    1388.66162       0.2552      -0.0313
   1419.89636       0.2304      -0.0203    1388.64636       0.3018      -0.0519
   1419.88110       0.1717      -0.0237    1388.63110       0.3158      -0.0744
   1419.86584       0.1702      -0.0354    1388.61584       0.3218      -0.0312
   1419.85058       0.2066      -0.0267    1388.60058       0.3433      -0.0443
   1419.83532       0.2468      -0.0216    1388.58532       0.3477      -0.0031
   1419.82006       0.1947      -0.0233    1388.57006       0.3021       0.0062
   1419.80480       0.1606       0.0119    1388.55480       0.3531      -0.0347
   1419.78955       0.1296      -0.0530    1388.53955       0.3478      -0.0567
   1419.77429       0.1553      -0.0534    1388.52429       0.3644      -0.0551
   1419.75903       0.1954      -0.0620    1388.50903       0.3201      -0.0529
   1419.74377       0.1842      -0.0289    1388.49377       0.2976      -0.0593
   1419.72851       0.2481      -0.0378    1388.47851       0.2991       0.0123
   1419.71325       0.1504      -0.0497    1388.46325       0.3555      -0.0563
   1419.69799       0.2108      -0.0328    1388.44799       0.3473      -0.0774
   1419.68273       0.1854      -0.0508    1388.43273       0.2425      -0.0232
   1419.66748       0.1397      -0.0485    1388.41748       0.2898      -0.0553
   1419.65222       0.1528      -0.0047    1388.40222       0.3250      -0.0687
   1419.63696       0.1673      -0.0291    1388.38696       0.2856       0.0008
   1419.62170       0.2190      -0.0406    1388.37170       0.2990      -0.0059
   1419.60644       0.1476      -0.0413    1388.35644       0.3163      -0.0621
   1419.59118       0.1181      -0.0135    1388.34118       0.3221      -0.0612
   1419.57592       0.1028      -0.0403    1388.32592       0.2930      -0.0345
   1419.56066       0.1427      -0.0060    1388.31066       0.3257      -0.0689
   1419.54541       0.1905      -0.0296    1388.29541       0.3453      -0.0502
   1419.53015       0.1608      -0.0104    1388.28015       0.2796      -0.0284
   1419.51489       0.1091      -0.0508    1388.26489       0.2944      -0.0089
   1419.49963       0.1317       0.0014    1388.24963       0.3252      -0.0163
   1419.48437       0.1674      -0.0501    1388.23437       0.3605      -0.0363
   1419.46911       0.1843      -0.0049    1388.21911       0.3455      -0.0484
   1419.45385       0.0983      -0.0472    1388.20385       0.3375      -0.0504
   1419.43859       0.1318      -0.0293    1388.18859       0.3619      -0.0714
   1419.42333       0.1584      -0.0488    1388.17333       0.2889      -0.0127
   1419.40808       0.2426      -0.0384    1388.15808       0.2846      -0.1008
   1419.39282       0.1166      -0.0435    1388.14282       0.3224      -0.0424
   1419.37756       0.1587      -0.0276    1388.12756       0.3098      -0.0420
   1419.36230       0.1627      -0.0266    1388.11230       0.3277      -0.0627
   1419.34704       0.0915      -0.0324    1388.09704       0.2613      -0.0002
   1419.33178       0.1854      -0.0499    1388.08178       0.2872      -0.0394
   1419.31652       0.1423      -0.0360    1388.06652       0.3404      -0.0323
   1419.30126       0.1720      -0.0339    1388.05126       0.3430      -0.0463
   1419.28601       0.0910      -0.0463    1388.03601       0.3244      -0.0318
   1419.27075       0.1244      -0.0288    1388.02075       0.2949      -0.0478
   1419.25549       0.1140      -0.0307    1388.00549       0.2536      -0.0298
   1419.24023       0.1248       0.0241    1387.99023       0.2555      -0.0119
   1419.22497       0.1047      -0.0174    1387.97497       0.2784      -0.0900
   1419.20971       0.1322      -0.0440    1387.95971       0.2303      -0.0659
   1419.19445       0.0883      -0.0388    1387.94445       0.2759      -0.0671
   1419.17919       0.1513      -0.0381    1387.92919       0.2845      -0.0398
   1419.16394       0.1030      -0.0269    1387.91394       0.2457      -0.0189
   1419.14868       0.1552      -0.0187    1387.89868       0.2476      -0.0275
   1419.13342       0.1323      -0.0059    1387.88342       0.2883      -0.0237
   1419.11816       0.1129      -0.0054    1387.86816       0.3459      -0.0634
   1419.10290       0.1576      -0.0103    1387.85290       0.2769      -0.0683
   1419.08764       0.0448      -0.0222    1387.83764       0.2936      -0.1046
   1419.07238       0.0867       0.0103    1387.82238       0.3289      -0.0526
   1419.05712       0.0916      -0.0335    1387.80712       0.2839      -0.0425
   1419.04187       0.0767      -0.0236    1387.79187       0.3261      -0.0302
   1419.02661       0.0890       0.0082    1387.77661       0.2559      -0.0395
   1419.01135       0.0783      -0.0459    1387.76135       0.2588      -0.0339
   1418.99609       0.1730      -0.0450    1387.74609       0.3067      -0.0604
   1418.98083       0.1263      -0.0296    1387.73083       0.2216      -0.0847
   1418.96557       0.1188       0.0001    1387.71557       0.3427      -0.0451
   1418.95031       0.0638      -0.0269    1387.70031       0.3537      -0.0737
   1418.93505       0.1630      -0.0625    1387.68505       0.2693      -0.0364
   1418.91979       0.1244      -0.0479    1387.66979       0.2673      -0.0548
   1418.90454       0.0772      -0.0015    1387.65454       0.3710      -0.0677
   1418.88928       0.0695      -0.0331    1387.63928       0.2531      -0.0563
   1418.87402       0.0622      -0.0491    1387.62402       0.2640      -0.0664
   1418.85876       0.0718      -0.0344    1387.60876       0.2628      -0.0473
   1418.84350       0.0519      -0.0606    1387.59350       0.2375      -0.0304
   1418.82824       0.0997      -0.0395    1387.57824       0.2785      -0.0816
   1418.81298       0.0752      -0.0340    1387.56298       0.2253      -0.0683
   1418.79772       0.0668      -0.0601    1387.54772       0.2174      -0.0476
   1418.78247       0.0916      -0.0407    1387.53247       0.2516       0.0181
   1418.76721       0.0837      -0.0123    1387.51721       0.3105      -0.0293
   1418.75195       0.0377      -0.0217    1387.50195       0.3000      -0.0499
   1418.73669       0.1187      -0.0273    1387.48669       0.3086      -0.0623
   1418.72143       0.0640      -0.0307    1387.47143       0.2507      -0.0292
   1418.70617       0.0322      -0.0176    1387.45617       0.2126      -0.0418
   1418.69091       0.0520      -0.0273    1387.44091       0.2728      -0.0548
   1418.67565       0.1210      -0.0603    1387.42565       0.2856       0.0113
   1418.66040       0.0947      -0.0193    1387.41040       0.2517      -0.0861
   1418.64514       0.0673      -0.0119    1387.39514       0.2638      -0.0527
   1418.62988       0.1016      -0.0655    1387.37988       0.2367      -0.0686
   1418.61462       0.0965      -0.0347    1387.36462       0.2322      -0.0506
   1418.59936       0.0121      -0.0303    1387.34936       0.2640      -0.0326
   1418.58410       0.0565      -0.0313    1387.33410       0.2487      -0.0321
   1418.56884       0.1121      -0.0536    1387.31884       0.2509      -0.1113
   1418.55358       0.1081      -0.0285    1387.30358       0.3434      -0.0701
   1418.53833       0.1038      -0.0113    1387.28833       0.3268      -0.1020
   1418.52307       0.1054      -0.0529    1387.27307       0.3549      -0.0829
   1418.50781       0.0269       0.0073    1387.25781       0.2582      -0.0624
   1418.49255       0.0662       0.0055    1387.24255       0.2526      -0.0569
   1418.47729       0.1082      -0.0351    1387.22729       0.2767      -0.0392
   1418.46203       0.0455      -0.0181    1387.21203       0.3679      -0.0280
   1418.44677       0.0142      -0.0110    1387.19677       0.2293      -0.0496
   1418.43151       0.0540      -0.0079    1387.18151       0.1861      -0.0897
   1418.41625       0.0653       0.0133    1387.16625       0.2725      -0.0049
   1418.40100      -0.0015      -0.0107    1387.15100       0.2623      -0.0339
   1418.38574       0.0530      -0.0335    1387.13574       0.2932      -0.0331
   1418.37048       0.0370      -0.0597    1387.12048       0.2864      -0.0477
   1418.35522      -0.0215      -0.0405    1387.10522       0.3220      -0.0275
   1418.33996       0.0145      -0.0554    1387.08996       0.2267      -0.0414
   1418.32470       0.0544      -0.0457    1387.07470       0.2237      -0.0143
   1418.30944       0.0835      -0.0449    1387.05944       0.2385      -0.0545
   1418.29418      -0.0209      -0.0318    1387.04418       0.2834      -0.0309
   1418.27893       0.0160      -0.0575    1387.02893       0.2528      -0.0544
   1418.26367       0.0178      -0.0405    1387.01367       0.2994      -0.0637
   1418.24841      -0.0005      -0.0471    1386.99841       0.2619      -0.0959
   1418.23315      -0.0225      -0.0290    1386.98315       0.2348      -0.0014
   1418.21789       0.0072      -0.0474    1386.96789       0.2286      -0.1297
   1418.20263       0.0749      -0.0328    1386.95263       0.2266      -0.0550
   1418.18737       0.0142      -0.0448    1386.93737       0.2739      -0.0179
   1418.17211       0.0603      -0.0181    1386.92211       0.2364      -0.0349
   1418.15686       0.0529      -0.0283    1386.90686       0.2375      -0.0599
   1418.14160       0.0490      -0.0246    1386.89160       0.2382      -0.0317
   1418.12634       0.0655      -0.0060    1386.87634       0.2735      -0.0259
   1418.11108       0.0207      -0.0077    1386.86108       0.2483      -0.0630
   1418.09582       0.0233      -0.0009    1386.84582       0.2854      -0.0548
   1418.08056      -0.0160      -0.0223    1386.83056       0.3123      -0.0343
   1418.06530       0.0290      -0.0578    1386.81530       0.2734      -0.0586
   1418.05004       0.0100       0.0152    1386.80004       0.2466      -0.0344
   1418.03479       0.0818      -0.0213    1386.78479       0.2539      -0.0751
   1418.01953       0.1340      -0.0292    1386.76953       0.3072      -0.0743
   1418.00427       0.0513      -0.0183    1386.75427       0.2952      -0.0499
   1417.98901       0.0222      -0.0417    1386.73901       0.2700      -0.0606
   1417.97375      -0.0132      -0.0179    1386.72375       0.2605      -0.0110
   1417.95849      -0.0364      -0.0293    1386.70849       0.2267      -0.0488
   1417.94323       0.0357      -0.0742    1386.69323       0.2432      -0.0358
   1417.92797       0.0613      -0.0971    1386.67797       0.2532      -0.0180
   1417.91271       0.0126      -0.0574    1386.66271       0.2793      -0.0429
   1417.89746       0.0092      -0.0387    1386.64746       0.2663      -0.0404
   1417.88220       0.0461      -0.0256    1386.63220       0.2224      -0.0519
   1417.86694      -0.0320      -0.0532    1386.61694       0.2575      -0.0083
   1417.85168       0.0323      -0.0402    1386.60168       0.2592      -0.0371
   1417.83642       0.0218      -0.0719    1386.58642       0.2063      -0.0504
   1417.82116      -0.0003      -0.0632    1386.57116       0.2647      -0.0430
   1417.80590      -0.0074      -0.0479    1386.55590       0.2886      -0.0945
   1417.79064       0.0377      -0.0174    1386.54064       0.2047      -0.0425
   1417.77539       0.0340       0.0034    1386.52539       0.2965      -0.0222
   1417.76013       0.0216      -0.0551    1386.51013       0.2788      -0.0668
   1417.74487       0.0162      -0.0289    1386.49487       0.2613      -0.0246
   1417.72961      -0.0113      -0.0128    1386.47961       0.3057      -0.0692
   1417.71435       0.0518      -0.0104    1386.46435       0.3345      -0.0631
   1417.69909       0.0141      -0.0552    1386.44909       0.2053      -0.0173
   1417.68383      -0.0106      -0.0579    1386.43383       0.3271      -0.0237
   1417.66857       0.0464      -0.0131    1386.41857       0.1894      -0.0380
   1417.65332       0.0607      -0.0295    1386.40332       0.2914      -0.0082
   1417.63806      -0.0178      -0.0311    1386.38806       0.3054      -0.0342
   1417.62280       0.0297      -0.0502    1386.37280       0.2427      -0.0906
   1417.60754       0.0208      -0.0584    1386.35754       0.2828      -0.0510
   1417.59228       0.0198      -0.0630    1386.34228       0.2688      -0.0055
   1417.57702      -0.0575      -0.0504    1386.32702       0.1926      -0.0498
   1417.56176      -0.0301      -0.0314    1386.31176       0.2420      -0.0310
   1417.54650      -0.0244      -0.0474    1386.29650       0.1782      -0.0191
   1417.53125      -0.0500      -0.0481    1386.28125       0.2383      -0.0372
   1417.51599      -0.0158      -0.0469    1386.26599       0.3316      -0.0530
   1417.50073      -0.0246      -0.0325    1386.25073       0.2134      -0.0612
   1417.48547      -0.0773      -0.0504    1386.23547       0.2296      -0.0951
   1417.47021       0.0077       0.0067    1386.22021       0.2224      -0.0294
   1417.45495      -0.1054      -0.0066    1386.20495       0.2756      -0.0518
   1417.43969      -0.0787      -0.0486    1386.18969       0.2749      -0.0564
   1417.42443      -0.0407      -0.0240    1386.17443       0.2818      -0.0414
   1417.40917      -0.0650      -0.0309    1386.15917       0.2205      -0.0760
   1417.39392      -0.0647      -0.0502    1386.14392       0.3171      -0.0474
   1417.37866      -0.0569      -0.0442    1386.12866       0.3009      -0.0097
   1417.36340      -0.0464      -0.0376    1386.11340       0.1982      -0.0626
   1417.34814      -0.0392      -0.0254    1386.09814       0.3015      -0.0428
   1417.33288      -0.0157      -0.0465    1386.08288       0.2983      -0.0803
   1417.31762      -0.0740      -0.0269    1386.06762       0.2843      -0.0493
   1417.30236      -0.0508      -0.0237    1386.05236       0.3045      -0.0898
   1417.28710       0.0186      -0.0166    1386.03710       0.2822      -0.0476
   1417.27185      -0.0274      -0.0089    1386.02185       0.2300      -0.0624
   1417.25659      -0.0194      -0.0513    1386.00659       0.2517      -0.0265
   1417.24133      -0.0094      -0.0562    1385.99133       0.2373      -0.0609
   1417.22607      -0.0388      -0.0488    1385.97607       0.3017      -0.0641
   1417.21081      -0.0321      -0.0137    1385.96081       0.2917      -0.0207
   1417.19555      -0.0442      -0.0341    1385.94555       0.2117      -0.0485
   1417.18029      -0.0493      -0.0537    1385.93029       0.2326      -0.0723
   1417.16503       0.0013      -0.0596    1385.91503       0.2205      -0.0707
   1417.14978      -0.0607      -0.0038    1385.89978       0.2183      -0.0536
   1417.13452      -0.0213      -0.0286    1385.88452       0.2394      -0.0441
   1417.11926       0.0029      -0.0256    1385.86926       0.1992      -0.0419
   1417.10400      -0.0124      -0.0684    1385.85400       0.2088      -0.0991
   1417.08874      -0.0496      -0.0299    1385.83874       0.2230      -0.0814
   1417.07348      -0.0321      -0.0567    1385.82348       0.2727      -0.0624
   1417.05822      -0.0684      -0.0490    1385.80822       0.2199      -0.0815
   1417.04296      -0.0720      -0.0517    1385.79296       0.2461      -0.0189
   1417.02771      -0.0047      -0.0572    1385.77771       0.2645      -0.0766
   1417.01245      -0.0556      -0.0287    1385.76245       0.2073      -0.0641
   1416.99719      -0.0388      -0.0477    1385.74719       0.2390      -0.0491
   1416.98193      -0.0715      -0.0311    1385.73193       0.2208      -0.0346
   1416.96667      -0.0338      -0.0445    1385.71667       0.2274      -0.0829
   1416.95141       0.0191      -0.0181    1385.70141       0.2900      -0.0479
   1416.93615      -0.0131      -0.0180    1385.68615       0.2710      -0.0788
   1416.92089      -0.0540      -0.0419    1385.67089       0.2904      -0.0501
   1416.90563      -0.0171      -0.0118    1385.65563       0.2609      -0.0521
   1416.89038      -0.0146      -0.0613    1385.64038       0.2199      -0.0733
   1416.87512      -0.0232      -0.0261    1385.62512       0.2401      -0.0285
   1416.85986      -0.0261      -0.0129    1385.60986       0.3495      -0.0537
   1416.84460      -0.0503      -0.0214    1385.59460       0.2842      -0.0346
   1416.82934      -0.1035      -0.0057    1385.57934       0.3114      -0.0685
   1416.81408      -0.1090       0.0148    1385.56408       0.2567      -0.1252
   1416.79882      -0.0274       0.0001    1385.54882       0.1793      -0.0606
   1416.78356      -0.0410      -0.0913    1385.53356       0.2366      -0.0177
   1416.76831      -0.0747      -0.0501    1385.51831       0.2273      -0.0738
   1416.75305      -0.0495      -0.0536    1385.50305       0.3152       0.0201
   1416.73779      -0.1430      -0.0842    1385.48779       0.2513      -0.0756
   1416.72253      -0.0174      -0.0136    1385.47253       0.3066      -0.0351
   1416.70727      -0.0733      -0.0385    1385.45727       0.2914      -0.0323
   1416.69201      -0.0865      -0.0383    1385.44201       0.2287      -0.0908
   1416.67675       0.0004      -0.0604    1385.42675       0.2000      -0.0561
   1416.66149      -0.0193      -0.0029    1385.41149       0.2380      -0.0584
   1416.64624      -0.0431      -0.0347    1385.39624       0.3353      -0.0310
   1416.63098      -0.0948      -0.0715    1385.38098       0.2694      -0.0172
   1416.61572      -0.0707      -0.0186    1385.36572       0.1930      -0.0571
   1416.60046      -0.1074      -0.0730    1385.35046       0.2951      -0.0974
   1416.58520      -0.0943      -0.0494    1385.33520       0.2741      -0.0751
   1416.56994      -0.0240      -0.0275    1385.31994       0.2309      -0.0331
   1416.55468      -0.0435      -0.0437    1385.30468       0.1970      -0.0211
   1416.53942      -0.0729      -0.0274    1385.28942       0.2531      -0.0729
   1416.52417      -0.0336      -0.0279    1385.27417       0.2045      -0.0514
   1416.50891      -0.0460      -0.0366    1385.25891       0.1779      -0.0660
   1416.49365      -0.0195      -0.0623    1385.24365       0.3117      -0.0870
   1416.47839      -0.0596      -0.0352    1385.22839       0.2118      -0.0384
   1416.46313      -0.0302      -0.0073    1385.21313       0.2162      -0.0248
   1416.44787      -0.1017       0.0000    1385.19787       0.3216      -0.0426
   1416.43261      -0.0602      -0.0348    1385.18261       0.2189      -0.0808
   1416.41735      -0.0980       0.0020    1385.16735       0.2802      -0.0782
   1416.40209      -0.1010      -0.0769    1385.15209       0.2825       0.0587
   1416.38684       0.0153      -0.0170    1385.13684       0.2080      -0.0668
   1416.37158      -0.1658      -0.0162    1385.12158       0.2580      -0.0750
   1416.35632      -0.0184      -0.0176    1385.10632       0.2613      -0.0644
   1416.34106      -0.0220      -0.0031    1385.09106       0.2818      -0.0203
   1416.32580      -0.0300      -0.0305    1385.07580       0.2383      -0.0427
   1416.31054      -0.0774      -0.0560    1385.06054       0.2441      -0.0231
   1416.29528      -0.0831      -0.0501    1385.04528       0.2426      -0.0461
   1416.28002      -0.1325      -0.0161    1385.03002       0.1733      -0.0999
   1416.26477      -0.0403      -0.0215    1385.01477       0.2569      -0.0464
   1416.24951      -0.0991      -0.0276    1384.99951       0.2762      -0.0655
   1416.23425      -0.0727      -0.0119    1384.98425       0.2343      -0.0738
   1416.21899      -0.1264      -0.0925    1384.96899       0.2842      -0.0265
   1416.20373      -0.0470      -0.0525    1384.95373       0.2503      -0.0893
   1416.18847      -0.0509      -0.0329    1384.93847       0.2149      -0.1278
   1416.17321      -0.0227      -0.0843    1384.92321       0.3496      -0.0499
   1416.15795      -0.0921      -0.0263    1384.90795       0.2524      -0.0698
   1416.14270      -0.1023      -0.0345    1384.89270       0.2960      -0.0399
   1416.12744      -0.0274      -0.0790    1384.87744       0.2341       0.0066
   1416.11218      -0.1112      -0.0541    1384.86218       0.2097      -0.0654
   1416.09692      -0.0512      -0.0362    1384.84692       0.2364      -0.0174
   1416.08166      -0.0349      -0.0197    1384.83166       0.2374      -0.0145
   1416.06640       0.0152      -0.0158    1384.81640       0.2051      -0.0868
   1416.05114       0.0263      -0.0189    1384.80114       0.1848      -0.0601
   1416.03588      -0.0493      -0.0314    1384.78588       0.2829      -0.0481
   1416.02062      -0.1047      -0.0516    1384.77062       0.2906      -0.0332
   1416.00537      -0.0316      -0.0201    1384.75537       0.2211      -0.0963
   1415.99011       0.0401      -0.0421    1384.74011       0.2807      -0.0794
   1415.97485      -0.0625      -0.0455    1384.72485       0.2317      -0.0520
   1415.95959      -0.0032       0.0199    1384.70959       0.2098      -0.0743
   1415.94433      -0.0706      -0.0128    1384.69433       0.2777      -0.0523
   1415.92907      -0.0728      -0.0409    1384.67907       0.2355      -0.0769
   1415.91381       0.0054      -0.0420    1384.66381       0.1707      -0.0192
   1415.89855      -0.0652       0.0122    1384.64855       0.2423      -0.0253
   1415.88330      -0.0959      -0.0535    1384.63330       0.2908      -0.0525
   1415.86804      -0.1069      -0.0489    1384.61804       0.2671      -0.0360
   1415.85278      -0.0176       0.0028    1384.60278       0.2125      -0.0201
   1415.83752       0.0026      -0.0579    1384.58752       0.2267      -0.0152
   1415.82226      -0.0030      -0.0536    1384.57226       0.2180      -0.0539
   1415.80700       0.0429      -0.0175    1384.55700       0.2414      -0.0713
   1415.79174       0.0295      -0.0462    1384.54174       0.2534      -0.0594
   1415.77648      -0.1794       0.0112    1384.52648       0.2265      -0.0527
   1415.76123      -0.0841      -0.0133    1384.51123       0.2235       0.0300
   1415.74597      -0.0658      -0.0813    1384.49597       0.1707      -0.0378
   1415.73071      -0.0061      -0.0328    1384.48071       0.3141      -0.0297
   1415.71545      -0.0183      -0.0108    1384.46545       0.3266       0.0050
   1415.70019      -0.1024      -0.0436    1384.45019       0.2687      -0.0434
   1415.68493      -0.0403       0.0044    1384.43493       0.2426      -0.0310
   1415.66967      -0.0252      -0.0221    1384.41967       0.1823      -0.1022
   1415.65441      -0.0169      -0.0551    1384.40441       0.2234      -0.1151
   1415.63916       0.0035      -0.0151    1384.38916       0.2357       0.0108
   1415.62390       0.0528      -0.0189    1384.37390       0.2753      -0.0306
   1415.60864      -0.0139      -0.0842    1384.35864       0.2779      -0.0510
   1415.59338      -0.0684       0.0115    1384.34338       0.1807      -0.0692
   1415.57812      -0.0005      -0.0324    1384.32812       0.2863      -0.0684
   1415.56286      -0.0902      -0.0388    1384.31286       0.3306      -0.0164
   1415.54760      -0.0663       0.0108    1384.29760       0.3202      -0.0752
   1415.53234       0.0122      -0.0672    1384.28234       0.3232      -0.0528
   1415.51708      -0.0635      -0.0331    1384.26708       0.2209      -0.0415
   1415.50183       0.0015      -0.0194    1384.25183       0.2539       0.0064
   1415.48657       0.0333      -0.0218    1384.23657       0.2455      -0.0244
   1415.47131      -0.0099      -0.0515    1384.22131       0.3612      -0.0186
   1415.45605      -0.0843      -0.0178    1384.20605       0.1354      -0.0620
   1415.44079      -0.0248      -0.0177    1384.19079       0.1978      -0.0731
   1415.42553      -0.0813      -0.0732    1384.17553       0.2552      -0.0386
   1415.41027       0.1045      -0.0588    1384.16027       0.2574      -0.0723
   1415.39501       0.0078      -0.0181    1384.14501       0.3568      -0.0324
   1415.37976      -0.0145       0.0206    1384.12976       0.2959      -0.0375
   1415.36450       0.0231      -0.0886    1384.11450       0.3060      -0.0559
   1415.34924       0.0193       0.0043    1384.09924       0.2134      -0.0329
   1415.33398      -0.0633      -0.0192    1384.08398       0.1890      -0.0366
   1415.31872       0.0140      -0.0065    1384.06872       0.2304      -0.0658
   1415.30346      -0.0379      -0.0123    1384.05346       0.1904      -0.0145
   1415.28820       0.0168      -0.0295    1384.03820       0.2789      -0.0305
   1415.27294      -0.1213      -0.0433    1384.02294       0.3412      -0.0489
   1415.25769      -0.0458      -0.0444    1384.00769       0.1126      -0.0139
   1415.24243      -0.1001      -0.0597    1383.99243       0.2714      -0.0450
   1415.22717      -0.0262      -0.0322    1383.97717       0.1823      -0.0120
   1415.21191      -0.0204      -0.0380    1383.96191       0.2022      -0.0475
   1415.19665       0.0278      -0.0027    1383.94665       0.2386      -0.0370
   1415.18139      -0.0075      -0.0331    1383.93139       0.2057      -0.0384
   1415.16613       0.0084      -0.0126    1383.91613       0.3034      -0.0024
   1415.15087       0.0216      -0.0144    1383.90087       0.2429      -0.0465
   1415.13562      -0.0383      -0.0326    1383.88562       0.2354      -0.0393
   1415.12036       0.0151      -0.0241    1383.87036       0.0964      -0.0713
   1415.10510       0.0294      -0.0679    1383.85510       0.3880      -0.1145
   1415.08984      -0.0090      -0.0244    1383.83984       0.2308      -0.0909
   1415.07458       0.0956      -0.0295    1383.82458       0.1324      -0.0371
   1415.05932       0.0389      -0.0643    1383.80932       0.2217      -0.0287
   1415.04406       0.0593      -0.0511    1383.79406       0.2518      -0.0042
   1415.02880       0.0231      -0.0523    1383.77880       0.4151      -0.0120
   1415.01354       0.0480      -0.0496    1383.76354       0.2575      -0.0217
   1414.99829      -0.0027       0.0136    1383.74829       0.3048      -0.0244
   1414.98303       0.0175      -0.0534    1383.73303       0.2649      -0.0890
   1414.96777       0.0187      -0.0538    1383.71777       0.3384      -0.0579
   1414.95251       0.0002      -0.0539    1383.70251       0.3249      -0.0692
   1414.93725       0.0464      -0.0799    1383.68725       0.1996      -0.0674
   1414.92199      -0.0042       0.0092    1383.67199       0.2794      -0.0237
   1414.90673       0.1370      -0.0890    1383.65673       0.1895      -0.0505
   1414.89147       0.0454      -0.0338    1383.64147       0.2592      -0.0263
   1414.87622       0.0122      -0.0082    1383.62622       0.1856      -0.0121
